#автосохранение

l +1.150568640074491E+02 +1.355698272494218E+01 -5.377543423434930E-01 
{
+1.000000000000000E+00 +1.000000000000000E+01 0x20A020 +3.523089031888002E+03 +4.611876938683623E+02
+1.000000000000000E+00 +5.000000000000000E+00 0x20A020 +3.503302567462519E+03 +4.582729339229998E+02
+1.000000000000000E+00 +5.000000000000000E+00 0x20A020 +3.542875496313486E+03 +4.641024538137248E+02
}

l +3.721853913166752E+01 +5.546851650763280E+01 +2.004557412004146E-01 
{
+1.000000000000000E+00 +5.000000000000000E+00 0x20A020 +1.186240134908192E+03 +1.782063279141375E+03
+1.000000000000000E+00 +1.000000000000000E+01 0x20A020 +1.206217438534897E+03 +1.781110735280746E+03
+1.000000000000000E+00 +5.000000000000000E+00 0x20A020 +1.226194742161602E+03 +1.780158191420116E+03
}

l +3.976274018307160E+01 -1.206808118307912E+01 +1.189665909735483E-01 
{
+1.000000000000000E+00 +5.000000000000000E+00 0x20A020 +1.282690108234882E+03 -4.006660760030405E+02
+1.000000000000000E+00 +1.000000000000000E+01 0x20A020 +1.264258672454610E+03 -3.929019163525881E+02
+1.000000000000000E+00 +5.000000000000000E+00 0x20A020 +1.245827236674339E+03 -3.851377567021357E+02
}

m +1.951075619004800E+01 -1.890073547617047E+01 -2.960562533876880E-01 
{
+2.000000000000000E+01 +3.000000000000000E+01 0xe5b3c5 +5.830972754153837E+02 -6.044711731667052E+02
+2.000000000000000E+01 +3.000000000000000E+01 0xe5b3c5 +4.928661878650988E+02 -5.715131811239125E+02
+2.000000000000000E+01 +3.000000000000000E+01 0xe5b3c5 +4.618082426954220E+02 -6.432817817918741E+02
+2.000000000000000E+01 +3.000000000000000E+01 0xe5b3c5 +5.578468479844183E+02 -6.879302117098945E+02
+2.000000000000000E+01 +3.000000000000000E+01 0xe5b3c5 +4.424030342020703E+02 -7.238370614657077E+02
+2.000000000000000E+01 +3.000000000000000E+01 0xe5b3c5 +4.047992472187128E+02 -7.003329170543433E+02
}

l +1.905264420403757E+01 +2.397870744451154E+00 -1.337438475690108E+00 
{
+1.000000000000000E+00 +5.000000000000000E+00 0x20A020 +7.474949562027649E+02 +1.121160127404163E+02
+1.000000000000000E+00 +1.000000000000000E+01 0x20A020 +7.645955832147370E+02 +1.017444865365536E+02
+1.000000000000000E+00 +5.000000000000000E+00 0x20A020 +7.816962102267090E+02 +9.137296033269082E+01
}

m +2.458709257194267E-12 +2.268088257140464E-12 +1.000000000000000E-01 
{
+1.000000000000000E+15 +3.000000000000000E+01 0xA02020 +6.862214649237853E-11 +1.000000000000912E+02
}

